1.491518445335340630e+03 1.491518928060005237e+03 1.491519420232309130e+03 1.491519921370473412e+03 1.491520396509406964e+03
-3.265229959595216114e-01 -2.481006109591380460e-01 -1.254624096876928996e-01 4.796255011412291214e-02 1.552500792484925729e-01
3.185908485543848201e+00 3.252551216789458355e+00 3.316020344291219946e+00 3.347718533045008549e+00 3.367158098068652183e+00
1.215523649003089207e-01 1.224398822664344577e-01 1.233156776699578516e-01 1.243626357804351323e-01 1.256187729202118408e-01
5.037099968269425077e-01 5.544807935812958721e-01 5.972228118346571968e-01 6.317021233042767747e-01 6.573044295995283948e-01
4.225067977230947958e-03 3.090453846335317750e-02 1.066273552251523066e-01 2.136653947860956415e-01 3.406966437595604358e-01
-3.101594951784365549e+04 -5.687454268948800973e+02 -1.870583342003760308e+01 -1.811596986585851710e+01 -1.779931001634737342e+01
8.298469243328822076e-01 8.509435417901408671e-01 8.718835553209478562e-01 8.929570450916218816e-01 9.130431216014065487e-01
8.562749131000438183e+02 9.320283037900758245e+02 1.014019506904721766e+03 1.108453478103223915e+03 1.219032621134302417e+03
1.598013697095342689e+00 1.700063690689203266e+00 1.808913657166596689e+00 1.928898999085018495e+00 2.065079022453052637e+00
4.790000000000000000e+03 4.840000000000000000e+03 4.890000000000000000e+03 4.940000000000000000e+03 4.990000000000000000e+03
6.929999999999999494e-01 7.095000000000000195e-01 7.259999999999999787e-01 7.424999999999999378e-01 7.590000000000000080e-01
7.179999999999999716e-01 7.439999999999999947e-01 7.700000000000000178e-01 7.960000000000000409e-01 8.220000000000000639e-01
